tensor([[ 1.0000e+00, -6.9342e-02,  2.0230e-04, -6.2440e-02, -3.4612e-02,
         -1.8170e-02, -3.4195e-02,  2.4330e-02, -2.0920e-02,  1.0586e-01,
         -2.2043e-02, -3.1583e-02, -1.3459e-01, -1.9918e-01, -1.1906e-01,
          1.8961e-01],
        [-6.9342e-02,  1.0000e+00, -1.0857e-01, -1.0821e-01, -9.7281e-02,
         -1.1137e-01, -1.1483e-01, -1.2316e-01, -1.0811e-01, -1.0554e-01,
         -1.1650e-01,  7.0606e-02,  6.6264e-07,  1.6205e-02, -2.5801e-02,
         -7.9860e-05],
        [ 2.0230e-04, -1.0857e-01,  1.0000e+00, -1.0546e-01, -1.0921e-01,
         -8.6516e-02, -1.4494e-01, -9.7663e-02, -1.1877e-01, -1.1435e-01,
         -1.1316e-01,  4.9986e-04,  5.2992e-07, -3.1665e-07, -3.1176e-06,
         -1.2042e-03],
        [-6.2440e-02, -1.0821e-01, -1.0546e-01,  1.0000e+00, -1.1650e-01,
         -1.2360e-01, -1.0181e-01, -1.0787e-01, -1.1623e-01, -9.9493e-02,
         -1.1244e-01, -2.3201e-02, -1.3026e-05, -8.9132e-06,  5.6055e-02,
         -1.6340e-06],
        [-3.4612e-02, -9.7281e-02, -1.0921e-01, -1.1650e-01,  1.0000e+00,
         -9.9654e-02, -1.1382e-01, -1.1854e-01, -1.0770e-01, -1.1010e-01,
         -1.2193e-01,  9.7244e-03, -8.3875e-06,  1.3474e-04, -1.2914e-04,
         -1.2137e-03],
        [-1.8170e-02, -1.1137e-01, -8.6516e-02, -1.2360e-01, -9.9654e-02,
          1.0000e+00, -1.1196e-01, -1.0772e-01, -1.0322e-01, -1.3438e-01,
         -1.1749e-01, -2.9251e-05, -9.7095e-06, -6.3716e-05,  1.6658e-05,
         -3.3725e-04],
        [-3.4195e-02, -1.1483e-01, -1.4494e-01, -1.0181e-01, -1.1382e-01,
         -1.1196e-01,  1.0000e+00, -1.1379e-01, -1.0255e-01, -9.7634e-02,
         -9.4273e-02,  1.2095e-02,  9.2667e-08, -1.7509e-07,  6.3721e-03,
         -2.7232e-05],
        [ 2.4330e-02, -1.2316e-01, -9.7663e-02, -1.0787e-01, -1.1854e-01,
         -1.0772e-01, -1.1379e-01,  1.0000e+00, -1.1102e-01, -1.2367e-01,
         -9.9279e-02, -4.7410e-02,  3.9004e-06, -1.4637e-05, -2.8910e-04,
         -3.8335e-04],
        [-2.0920e-02, -1.0811e-01, -1.1877e-01, -1.1623e-01, -1.0770e-01,
         -1.0322e-01, -1.0255e-01, -1.1102e-01,  1.0000e+00, -1.1989e-01,
         -1.1575e-01, -5.5292e-05, -2.0074e-05,  9.8769e-05,  1.8712e-02,
         -7.6686e-04],
        [ 1.0586e-01, -1.0554e-01, -1.1435e-01, -9.9493e-02, -1.1010e-01,
         -1.3438e-01, -9.7634e-02, -1.2367e-01, -1.1989e-01,  1.0000e+00,
         -1.0445e-01, -3.5499e-02, -1.9472e-05, -2.5185e-04, -3.9513e-02,
         -2.6936e-04],
        [-2.2043e-02, -1.1650e-01, -1.1316e-01, -1.1244e-01, -1.2193e-01,
         -1.1749e-01, -9.4273e-02, -9.9279e-02, -1.1575e-01, -1.0445e-01,
          1.0000e+00,  1.9203e-02, -2.1336e-05, -1.6942e-04,  2.6632e-03,
         -1.6825e-02],
        [-3.1583e-02,  7.0606e-02,  4.9986e-04, -2.3201e-02,  9.7244e-03,
         -2.9247e-05,  1.2095e-02, -4.7410e-02, -5.5290e-05, -3.5499e-02,
          1.9203e-02,  1.0000e+00, -9.6315e-02, -5.1026e-02, -8.1334e-02,
         -1.4008e-01],
        [-1.3459e-01,  6.6496e-07,  5.3085e-07, -1.3028e-05, -8.3875e-06,
         -9.7030e-06,  9.6392e-08,  3.9041e-06, -2.0076e-05, -1.9472e-05,
         -2.1332e-05, -9.6315e-02,  1.0000e+00, -8.2768e-02, -1.2999e-01,
         -2.3466e-01],
        [-1.9918e-01,  1.6205e-02, -3.2224e-07, -8.9151e-06,  1.3473e-04,
         -6.3704e-05, -1.7555e-07, -1.4629e-05,  9.8776e-05, -2.5185e-04,
         -1.6943e-04, -5.1026e-02, -8.2768e-02,  1.0000e+00, -3.2500e-02,
         -1.8951e-01],
        [-1.1906e-01, -2.5801e-02, -3.1176e-06,  5.6055e-02, -1.2914e-04,
          1.6658e-05,  6.3721e-03, -2.8910e-04,  1.8712e-02, -3.9513e-02,
          2.6632e-03, -8.1334e-02, -1.2999e-01, -3.2500e-02,  1.0000e+00,
         -1.6215e-01],
        [ 1.8961e-01, -7.9860e-05, -1.2042e-03, -1.6340e-06, -1.2137e-03,
         -3.3725e-04, -2.7232e-05, -3.8336e-04, -7.6686e-04, -2.6936e-04,
         -1.6825e-02, -1.4008e-01, -2.3466e-01, -1.8951e-01, -1.6215e-01,
          1.0000e+00]], device='cuda:0')